12 9 6 2 7 11 14 4 3 13 8 10 16 5 15 1 
11 14 10 8 16 12 5 2 7 1 15 9 4 3 6 13 
16 4 15 5 1 8 3 13 6 11 14 2 12 7 9 10 
1 3 13 7 15 9 10 6 12 5 16 4 14 2 8 11 
2 5 8 3 10 13 4 7 16 12 11 1 15 9 14 6 
9 13 11 12 6 3 8 5 15 7 10 14 2 1 4 16 
7 10 14 16 11 15 9 1 5 4 2 6 13 8 12 3 
6 1 4 15 14 16 2 12 13 8 9 3 7 10 11 5 
4 7 5 1 2 14 11 8 9 6 3 12 10 16 13 15 
3 16 12 11 9 6 1 10 14 15 5 13 8 4 2 7 
13 6 9 10 4 5 15 16 11 2 7 8 1 12 3 14 
15 8 2 14 13 7 12 3 1 10 4 16 6 11 5 9 
10 12 1 9 3 4 13 11 2 14 6 7 5 15 16 8 
5 2 16 6 8 1 7 15 4 9 13 11 3 14 10 12 
8 11 7 13 5 2 16 14 10 3 12 15 9 6 1 4 
14 15 3 4 12 10 6 9 8 16 1 5 11 13 7 2 
